0.0571072 -0.201191 0.0343311
0.0571072 -0.164763 0.0343311
0.0603652 -0.210328 -0.00908589
0.0603652 -0.153482 -0.00908589
0.0608482 -0.21105 -0.0367819
0.0608482 -0.152035 -0.0367819
0.0613234 -0.21176 -0.0639778
0.0613234 -0.150615 -0.0639778
0.0638463 0.126972 -0.0652699
0.0633233 0.139165 -0.0352749
0.0627992 0.151358 -0.00527883
0.0619812 0.191625 0.0415931
0.0621061 0.225583 0.0344702
-0.00828791 -0.240421 0.0342112
0.0310543 -0.240421 0.0314602
-0.0131698 -0.241469 -0.0055449
0.0317543 -0.241469 -0.00868702
-0.0180507 -0.242516 -0.0453019
0.0324552 -0.242516 -0.048834
-0.0787477 0.224783 0.0437682
-0.0778289 0.191625 0.0512521
-0.0833039 0.204625 0.00666916
-0.0653198 0.145271 0.00573111
-0.0691876 0.145271 -0.0257649
-0.0337958 -0.164764 0.0406251
-0.0337958 -0.20019 0.0406251
-0.0416017 -0.153466 -0.00243294
-0.0416017 -0.210336 -0.00243294
-0.0451488 -0.151943 -0.0313159
-0.0451488 -0.211096 -0.0313159
-0.0487678 -0.150388 -0.0607948
-0.0487678 -0.211873 -0.0607948
-0.00730777 -0.188244 0.0703281
-0.00285363 -0.105969 0.0239041
0.0320611 -0.105969 0.0214621
-0.0266929 0.148523 0.0280771
0.00381017 0.148523 0.0259441
0.0337372 0.148523 0.0238512
-0.0395398 0.23268 0.0725821
-0.0101118 0.21768 0.0705241
0.0332823 0.23268 0.067489
